Jogo 001: 7, 8, 10, 11, 12, 13, 14, 15, 17, 19, 20, 21, 22, 23, 25
Jogo 002: 3, 4, 6, 11, 12, 13, 14, 15, 17, 19, 20, 21, 22, 23, 25
Jogo 003: 3, 4, 6, 7, 8, 10, 14, 15, 17, 19, 20, 21, 22, 23, 25
Jogo 004: 3, 4, 6, 7, 8, 10, 11, 12, 13, 19, 20, 21, 22, 23, 25
Jogo 005: 3, 4, 6, 7, 8, 10, 11, 12, 13, 14, 15, 17, 22, 23, 25
Jogo 006: 3, 4, 6, 7, 8, 10, 11, 12, 13, 14, 15, 17, 19, 20, 21
Jogo 007: 2, 4, 6, 8, 10, 12, 13, 15, 17, 19, 20, 21, 22, 23, 25
Jogo 008: 2, 4, 6, 7, 10, 11, 13, 14, 17, 19, 20, 21, 22, 23, 25
Jogo 009: 2, 4, 6, 7, 8, 11, 12, 14, 15, 19, 20, 21, 22, 23, 25
Jogo 010: 2, 3, 6, 8, 10, 11, 13, 14, 15, 19, 20, 21, 22, 23, 25
Jogo 011: 2, 3, 6, 7, 10, 12, 13, 14, 15, 17, 20, 21, 22, 23, 25
Jogo 012: 2, 3, 6, 7, 8, 11, 12, 13, 15, 17, 19, 21, 22, 23, 25
Jogo 013: 2, 3, 6, 7, 8, 10, 11, 12, 14, 17, 19, 20, 22, 23, 25
Jogo 014: 2, 3, 4, 8, 10, 11, 12, 14, 15, 17, 20, 21, 22, 23, 25
Jogo 015: 2, 3, 4, 7, 10, 11, 12, 13, 15, 17, 19, 20, 22, 23, 25
Jogo 016: 2, 3, 4, 7, 8, 12, 13, 14, 17, 19, 20, 21, 22, 23, 25
Jogo 017: 2, 3, 4, 7, 8, 10, 11, 13, 14, 15, 17, 19, 21, 23, 25
Jogo 018: 2, 3, 4, 6, 8, 10, 11, 12, 13, 14, 17, 19, 21, 22, 25
Jogo 019: 2, 3, 4, 6, 7, 10, 11, 12, 14, 15, 17, 19, 21, 22, 23
Jogo 020: 2, 3, 4, 6, 7, 8, 11, 13, 14, 15, 17, 20, 21, 22, 25
Jogo 021: 2, 3, 4, 6, 7, 8, 10, 12, 13, 14, 15, 19, 20, 23, 25
Jogo 022: 1, 4, 6, 8, 10, 11, 13, 14, 15, 17, 20, 21, 22, 23, 25
Jogo 023: 1, 4, 6, 7, 10, 12, 13, 14, 15, 19, 20, 21, 22, 23, 25
Jogo 024: 1, 4, 6, 7, 8, 11, 12, 13, 15, 17, 19, 20, 22, 23, 25
Jogo 025: 1, 4, 6, 7, 8, 10, 11, 12, 14, 17, 19, 21, 22, 23, 25
Jogo 026: 1, 3, 6, 8, 10, 12, 13, 14, 17, 19, 20, 21, 22, 23, 25
Jogo 027: 1, 3, 6, 7, 10, 11, 13, 15, 17, 19, 20, 21, 22, 23, 25
Jogo 028: 1, 3, 6, 7, 8, 11, 12, 14, 15, 17, 20, 21, 22, 23, 25
Jogo 029: 1, 3, 6, 7, 8, 10, 11, 12, 13, 14, 15, 19, 21, 23, 25
Jogo 030: 1, 3, 4, 8, 10, 11, 12, 13, 15, 17, 19, 21, 22, 23, 25
Jogo 031: 1, 3, 4, 7, 10, 11, 12, 14, 15, 17, 19, 20, 21, 23, 25
Jogo 032: 1, 3, 4, 7, 8, 11, 13, 14, 15, 19, 20, 21, 22, 23, 25
Jogo 033: 1, 3, 4, 7, 8, 10, 12, 13, 14, 15, 17, 20, 21, 22, 25
Jogo 034: 1, 3, 4, 7, 8, 10, 11, 12, 13, 14, 17, 19, 20, 22, 23
Jogo 035: 1, 3, 4, 6, 8, 10, 11, 12, 14, 15, 19, 20, 22, 23, 25
Jogo 036: 1, 3, 4, 6, 7, 8, 12, 13, 14, 15, 17, 19, 21, 22, 23
Jogo 037: 1, 2, 6, 10, 11, 12, 14, 15, 17, 19, 20, 21, 22, 23, 25
Jogo 038: 1, 2, 6, 7, 8, 13, 14, 15, 17, 19, 20, 21, 22, 23, 25
Jogo 039: 1, 2, 6, 7, 8, 10, 11, 12, 13, 17, 20, 21, 22, 23, 25
Jogo 040: 1, 2, 6, 7, 8, 10, 11, 12, 13, 14, 15, 19, 20, 22, 25
Jogo 041: 1, 2, 4, 8, 11, 12, 13, 14, 15, 17, 19, 20, 21, 23, 25
Jogo 042: 1, 2, 4, 7, 10, 11, 12, 13, 14, 15, 17, 21, 22, 23, 25
Jogo 043: 1, 2, 4, 7, 8, 10, 12, 14, 15, 17, 19, 20, 22, 23, 25
Jogo 044: 1, 2, 4, 7, 8, 10, 11, 13, 15, 17, 19, 20, 21, 22, 25
Jogo 045: 1, 2, 4, 6, 8, 10, 11, 12, 13, 14, 19, 20, 21, 22, 23
Jogo 046: 1, 2, 4, 6, 7, 11, 12, 13, 14, 15, 17, 19, 20, 21, 22
Jogo 047: 1, 2, 4, 6, 7, 8, 10, 12, 13, 14, 17, 19, 20, 21, 25
Jogo 048: 1, 2, 4, 6, 7, 8, 10, 11, 14, 15, 17, 19, 20, 21, 23
Jogo 049: 1, 2, 3, 8, 10, 11, 12, 13, 14, 15, 17, 19, 20, 21, 22
Jogo 050: 1, 2, 3, 7, 10, 11, 12, 13, 14, 19, 20, 21, 22, 23, 25
Jogo 051: 1, 2, 3, 7, 8, 10, 12, 13, 15, 17, 19, 20, 21, 23, 25
Jogo 052: 1, 2, 3, 7, 8, 10, 11, 13, 14, 15, 17, 20, 22, 23, 25
Jogo 053: 1, 2, 3, 6, 7, 11, 12, 13, 14, 15, 17, 19, 20, 23, 25
Jogo 054: 1, 2, 3, 6, 7, 8, 10, 12, 14, 15, 19, 20, 21, 22, 23
Jogo 055: 1, 2, 3, 6, 7, 8, 10, 11, 14, 15, 17, 19, 21, 22, 25
Jogo 056: 1, 2, 3, 4, 10, 13, 14, 15, 17, 19, 20, 21, 22, 23, 25
Jogo 057: 1, 2, 3, 4, 7, 8, 11, 12, 15, 17, 19, 20, 21, 22, 23
Jogo 058: 1, 2, 3, 4, 7, 8, 11, 12, 13, 14, 15, 17, 19, 22, 25
Jogo 059: 1, 2, 3, 4, 7, 8, 10, 11, 12, 13, 14, 15, 20, 21, 23
Jogo 060: 1, 2, 3, 4, 6, 10, 11, 12, 13, 17, 19, 20, 21, 23, 25
Jogo 061: 1, 2, 3, 4, 6, 10, 11, 12, 13, 14, 15, 20, 21, 22, 25
Jogo 062: 1, 2, 3, 4, 6, 8, 12, 14, 15, 17, 19, 20, 21, 22, 25
Jogo 063: 1, 2, 3, 4, 6, 8, 11, 13, 14, 17, 19, 20, 22, 23, 25
Jogo 064: 1, 2, 3, 4, 6, 8, 10, 12, 13, 14, 15, 17, 21, 23, 25
Jogo 065: 1, 2, 3, 4, 6, 8, 10, 11, 12, 13, 15, 17, 20, 22, 23
Jogo 066: 1, 2, 3, 4, 6, 7, 10, 12, 13, 15, 17, 19, 21, 22, 25
Jogo 067: 1, 2, 3, 4, 6, 7, 10, 11, 13, 14, 15, 19, 22, 23, 25
Jogo 068: 1, 2, 3, 4, 6, 7, 8, 12, 13, 15, 20, 21, 22, 23, 25
Jogo 069: 1, 2, 3, 4, 6, 7, 8, 10, 13, 17, 19, 20, 21, 22, 23
Jogo 070: 1, 2, 3, 4, 6, 7, 8, 10, 11, 14, 20, 21, 22, 23, 25
Jogo 071: 1, 2, 3, 4, 6, 7, 8, 10, 11, 12, 15, 19, 20, 21, 25
Jogo 072: 1, 3, 4, 6, 7, 10, 11, 12, 13, 14, 17, 20, 21, 22, 23
Jogo 073: 1, 3, 4, 6, 7, 8, 10, 11, 13, 14, 15, 17, 19, 20, 25
Jogo 074: 1, 2, 6, 7, 8, 10, 11, 12, 13, 14, 15, 17, 19, 22, 23
Jogo 075: 1, 2, 3, 6, 7, 8, 11, 12, 13, 14, 17, 19, 20, 21, 23
Jogo 076: 1, 2, 3, 4, 6, 7, 10, 11, 12, 14, 17, 19, 20, 22, 25
Jogo 077: 1, 2, 3, 4, 6, 7, 8, 10, 11, 12, 15, 17, 19, 23, 25
Jogo 078: 2, 4, 6, 7, 8, 10, 12, 13, 14, 15, 17, 20, 21, 22, 23
Jogo 079: 2, 3, 4, 6, 7, 8, 11, 13, 14, 15, 17, 19, 20, 22, 23
Jogo 080: 2, 3, 4, 6, 7, 8, 10, 11, 13, 15, 17, 20, 21, 23, 25
Jogo 081: 1, 3, 4, 6, 7, 8, 11, 12, 13, 17, 19, 20, 21, 22, 25
Jogo 082: 1, 2, 4, 6, 7, 10, 11, 12, 13, 14, 15, 17, 20, 23, 25
Jogo 083: 1, 2, 4, 6, 7, 8, 10, 11, 13, 15, 19, 21, 22, 23, 25
Jogo 084: 1, 2, 3, 4, 7, 8, 10, 12, 14, 15, 19, 21, 22, 23, 25
Jogo 085: 1, 2, 3, 4, 6, 10, 12, 13, 14, 15, 17, 19, 20, 22, 23
Jogo 086: 1, 2, 3, 4, 6, 8, 11, 12, 13, 14, 15, 19, 21, 22, 23
Jogo 087: 1, 2, 3, 4, 6, 7, 11, 15, 17, 19, 20, 21, 22, 23, 25
Jogo 088: 1, 2, 3, 4, 6, 7, 11, 12, 13, 14, 17, 21, 22, 23, 25
Jogo 089: 1, 2, 3, 4, 6, 7, 8, 10, 13, 14, 15, 19, 20, 21, 22
Jogo 090: 1, 2, 3, 4, 6, 7, 8, 10, 11, 12, 14, 15, 17, 21, 22
Jogo 091: 2, 4, 6, 8, 10, 11, 12, 13, 14, 15, 17, 19, 20, 22, 25
Jogo 092: 2, 3, 6, 7, 10, 11, 12, 13, 14, 15, 17, 19, 20, 21, 25
Jogo 093: 2, 3, 4, 6, 7, 10, 11, 12, 13, 15, 19, 20, 21, 22, 23
Jogo 094: 1, 4, 6, 7, 8, 10, 11, 12, 13, 15, 17, 19, 20, 21, 23
Jogo 095: 1, 2, 3, 6, 7, 8, 10, 12, 13, 15, 17, 19, 20, 22, 25
Jogo 096: 1, 2, 3, 4, 7, 8, 10, 11, 13, 14, 17, 19, 21, 22, 23
Jogo 097: 1, 2, 3, 4, 7, 8, 10, 11, 12, 13, 14, 17, 20, 21, 25
Jogo 098: 1, 2, 3, 4, 6, 7, 8, 10, 12, 13, 14, 20, 22, 23, 25
Jogo 099: 1, 2, 3, 4, 6, 10, 11, 13, 14, 15, 17, 19, 20, 21, 23
Jogo 100: 1, 2, 3, 4, 6, 7, 8, 11, 12, 14, 15, 17, 20, 23, 25
Jogo 101: 2, 4, 6, 7, 8, 11, 12, 13, 14, 15, 17, 19, 21, 23, 25
Jogo 102: 2, 3, 4, 7, 8, 10, 11, 12, 14, 15, 19, 20, 21, 22, 25
Jogo 103: 2, 3, 4, 6, 8, 10, 11, 12, 14, 17, 19, 20, 21, 23, 25
Jogo 104: 1, 3, 4, 6, 7, 8, 10, 12, 15, 17, 20, 21, 22, 23, 25
Jogo 105: 1, 2, 3, 6, 8, 11, 12, 13, 15, 19, 20, 21, 22, 23, 25
Jogo 106: 1, 2, 3, 4, 8, 10, 11, 12, 13, 14, 15, 19, 20, 23, 25
Jogo 107: 1, 2, 3, 4, 6, 7, 12, 13, 14, 15, 19, 20, 21, 23, 25
Jogo 108: 1, 2, 3, 4, 8, 10, 11, 12, 17, 19, 20, 21, 22, 23, 25
Jogo 109: 1, 2, 3, 4, 6, 7, 8, 10, 13, 14, 17, 19, 21, 23, 25
Jogo 110: 1, 4, 6, 8, 10, 11, 12, 13, 14, 15, 17, 19, 21, 22, 25
Jogo 111: 1, 3, 4, 6, 8, 10, 11, 14, 15, 17, 19, 20, 21, 22, 23
Jogo 112: 1, 2, 3, 6, 7, 8, 10, 11, 12, 13, 14, 15, 21, 22, 25
Jogo 113: 1, 2, 3, 4, 6, 7, 8, 10, 11, 12, 13, 19, 22, 23, 25
Jogo 114: 1, 3, 6, 8, 10, 11, 12, 13, 14, 15, 17, 20, 21, 23, 25
Jogo 115: 1, 3, 6, 7, 8, 10, 11, 13, 14, 17, 19, 20, 21, 22, 25
Jogo 116: 1, 2, 4, 6, 7, 8, 10, 11, 12, 15, 17, 20, 21, 22, 25
Jogo 117: 1, 2, 3, 6, 10, 11, 12, 13, 14, 15, 17, 19, 22, 23, 25
Jogo 118: 1, 2, 3, 6, 7, 10, 11, 13, 14, 15, 17, 20, 21, 22, 23
Jogo 119: 2, 3, 4, 6, 7, 8, 10, 11, 12, 13, 17, 19, 20, 21, 22
Jogo 120: 1, 2, 3, 4, 7, 11, 12, 13, 15, 17, 20, 21, 22, 23, 25
Jogo 121: 1, 3, 6, 7, 8, 10, 11, 12, 13, 14, 15, 19, 20, 22, 23
Jogo 122: 1, 3, 4, 6, 7, 8, 11, 12, 13, 14, 19, 20, 21, 23, 25
Jogo 123: 1, 2, 4, 6, 7, 8, 10, 13, 14, 15, 17, 19, 22, 23, 25
Jogo 124: 1, 2, 3, 4, 6, 8, 10, 11, 13, 15, 17, 19, 20, 21, 25
Jogo 125: 1, 2, 3, 4, 6, 7, 8, 10, 11, 12, 13, 14, 15, 17, 19
Jogo 126: 1, 2, 6, 7, 8, 10, 11, 13, 14, 15, 19, 20, 21, 23, 25
Jogo 127: 1, 2, 4, 6, 8, 11, 12, 13, 14, 17, 20, 21, 22, 23, 25
Jogo 128: 1, 2, 3, 7, 8, 11, 12, 14, 15, 17, 19, 21, 22, 23, 25
Jogo 129: 1, 2, 3, 4, 6, 7, 12, 14, 17, 19, 20, 21, 22, 23, 25
Jogo 130: 1, 2, 3, 4, 6, 8, 11, 13, 14, 15, 17, 21, 22, 23, 25
Jogo 131: 2, 4, 7, 8, 10, 11, 12, 13, 14, 15, 20, 21, 22, 23, 25
Jogo 132: 2, 3, 4, 8, 10, 12, 13, 14, 15, 17, 19, 20, 21, 22, 23
Jogo 133: 1, 3, 4, 6, 7, 10, 11, 13, 14, 15, 17, 19, 21, 22, 25
Jogo 134: 1, 2, 4, 7, 8, 10, 11, 12, 13, 14, 17, 19, 20, 23, 25
Jogo 135: 2, 3, 6, 7, 8, 10, 11, 12, 15, 17, 19, 20, 21, 22, 23
Jogo 136: 2, 3, 6, 7, 8, 10, 12, 13, 14, 17, 19, 21, 22, 23, 25
Jogo 137: 1, 3, 4, 6, 8, 10, 12, 13, 14, 15, 17, 19, 20, 23, 25
Jogo 138: 1, 2, 3, 6, 7, 8, 10, 12, 14, 15, 17, 20, 21, 23, 25
Jogo 139: 1, 2, 3, 4, 6, 7, 8, 11, 12, 13, 14, 19, 20, 21, 22
Jogo 140: 1, 2, 3, 4, 6, 7, 8, 10, 11, 15, 19, 20, 22, 23, 25
Jogo 141: 1, 2, 4, 7, 10, 12, 13, 14, 15, 17, 19, 20, 21, 22, 23
Jogo 142: 1, 2, 3, 4, 6, 7, 10, 11, 12, 13, 15, 17, 19, 21, 23
Jogo 143: 1, 3, 4, 7, 8, 10, 11, 12, 13, 15, 19, 20, 21, 22, 25
Jogo 144: 1, 2, 3, 7, 11, 12, 13, 14, 15, 17, 19, 20, 21, 22, 25
Jogo 145: 1, 2, 3, 4, 6, 10, 11, 12, 14, 15, 19, 21, 22, 23, 25
Jogo 146: 1, 2, 3, 4, 6, 7, 8, 12, 13, 14, 15, 17, 20, 22, 23
Jogo 147: 2, 3, 4, 6, 7, 8, 10, 12, 13, 14, 15, 19, 21, 22, 25
Jogo 148: 1, 4, 6, 7, 8, 10, 11, 12, 14, 15, 17, 19, 20, 21, 22
Jogo 149: 1, 3, 4, 6, 7, 10, 12, 13, 14, 15, 17, 19, 20, 22, 25
Jogo 150: 1, 2, 3, 4, 6, 7, 10, 11, 14, 15, 17, 20, 22, 23, 25
Jogo 151: 1, 3, 4, 6, 7, 8, 10, 11, 12, 13, 14, 15, 21, 22, 23
Jogo 152: 2, 3, 4, 6, 7, 8, 12, 13, 15, 17, 19, 20, 21, 23, 25
Jogo 153: 1, 2, 4, 6, 7, 11, 12, 13, 14, 15, 19, 20, 22, 23, 25
Jogo 154: 1, 2, 3, 7, 8, 10, 11, 14, 15, 17, 19, 20, 21, 23, 25
Jogo 155: 1, 2, 3, 4, 7, 8, 10, 11, 12, 13, 17, 21, 22, 23, 25
Jogo 156: 1, 2, 3, 4, 6, 7, 8, 11, 12, 14, 15, 17, 19, 21, 25
Jogo 157: 2, 3, 6, 7, 8, 11, 12, 13, 14, 15, 17, 20, 21, 22, 23
Jogo 158: 2, 3, 4, 6, 7, 8, 10, 11, 12, 13, 14, 17, 20, 22, 25
Jogo 159: 1, 3, 4, 6, 7, 8, 11, 13, 14, 15, 17, 20, 21, 23, 25
Jogo 160: 1, 2, 6, 8, 10, 11, 12, 13, 14, 15, 17, 19, 21, 23, 25
Jogo 161: 1, 2, 3, 4, 6, 7, 8, 10, 12, 14, 17, 19, 20, 21, 23
Jogo 162: 2, 3, 4, 6, 7, 10, 11, 12, 13, 14, 19, 20, 21, 23, 25
Jogo 163: 2, 4, 6, 7, 8, 10, 11, 12, 15, 17, 19, 21, 22, 23, 25
Jogo 164: 1, 2, 3, 4, 6, 8, 10, 12, 14, 15, 17, 19, 22, 23, 25
Jogo 165: 4, 6, 7, 8, 10, 11, 13, 14, 15, 17, 19, 20, 21, 22, 23
Jogo 166: 2, 3, 4, 6, 8, 10, 11, 13, 15, 17, 19, 20, 22, 23, 25
Jogo 167: 1, 4, 6, 7, 10, 11, 12, 13, 14, 17, 19, 20, 22, 23, 25
Jogo 168: 1, 2, 4, 7, 8, 11, 13, 14, 17, 19, 20, 21, 22, 23, 25
Jogo 169: 1, 2, 4, 7, 8, 10, 11, 12, 13, 15, 19, 20, 21, 22, 23
Jogo 170: 1, 2, 3, 6, 7, 8, 10, 11, 13, 15, 17, 19, 21, 22, 23
Jogo 171: 1, 2, 3, 6, 7, 8, 10, 11, 12, 13, 17, 19, 20, 23, 25
Jogo 172: 1, 2, 3, 4, 10, 11, 12, 13, 14, 17, 19, 20, 21, 22, 25
Jogo 173: 1, 2, 3, 4, 7, 8, 10, 11, 13, 14, 15, 17, 19, 20, 22
Jogo 174: 1, 2, 3, 4, 6, 7, 8, 10, 13, 14, 17, 20, 21, 22, 25
Jogo 175: 3, 4, 6, 7, 8, 10, 11, 12, 13, 15, 17, 20, 21, 22, 25
Jogo 176: 2, 3, 4, 6, 7, 10, 12, 14, 15, 17, 19, 20, 21, 22, 25
Jogo 177: 1, 3, 7, 8, 10, 12, 13, 14, 15, 17, 19, 21, 22, 23, 25
Jogo 178: 1, 2, 4, 6, 7, 8, 10, 11, 12, 13, 14, 19, 21, 22, 25
Jogo 179: 1, 2, 3, 8, 11, 12, 13, 14, 15, 17, 19, 20, 22, 23, 25
Jogo 180: 1, 2, 3, 4, 6, 8, 10, 13, 15, 19, 20, 21, 22, 23, 25
Jogo 181: 3, 4, 6, 7, 8, 11, 12, 14, 15, 17, 19, 20, 22, 23, 25
Jogo 182: 1, 2, 6, 7, 8, 11, 12, 13, 14, 15, 17, 20, 21, 22, 25
Jogo 183: 1, 2, 3, 6, 8, 10, 11, 12, 13, 14, 17, 20, 21, 22, 23
Jogo 184: 1, 2, 3, 4, 6, 7, 10, 11, 12, 15, 20, 21, 22, 23, 25
Jogo 185: 1, 4, 6, 7, 8, 10, 11, 12, 13, 14, 15, 20, 21, 23, 25
Jogo 186: 1, 3, 4, 7, 11, 12, 13, 14, 15, 17, 19, 20, 21, 22, 23
Jogo 187: 1, 2, 3, 4, 6, 8, 11, 12, 13, 15, 17, 19, 20, 21, 22
Jogo 188: 1, 2, 3, 4, 6, 7, 8, 11, 13, 14, 15, 19, 20, 21, 25
Jogo 189: 3, 4, 7, 8, 10, 11, 13, 14, 17, 19, 20, 21, 22, 23, 25
Jogo 190: 1, 2, 4, 6, 8, 10, 11, 14, 15, 17, 19, 20, 21, 22, 25
Jogo 191: 1, 2, 4, 6, 7, 8, 12, 13, 15, 17, 19, 21, 22, 23, 25
Jogo 192: 1, 2, 4, 6, 7, 8, 10, 11, 12, 14, 17, 19, 20, 22, 23
Jogo 193: 1, 2, 3, 6, 7, 8, 10, 12, 13, 14, 15, 17, 19, 20, 21
Jogo 194: 2, 3, 4, 7, 8, 10, 11, 12, 13, 14, 15, 17, 19, 22, 23
Jogo 195: 1, 2, 6, 7, 10, 11, 12, 13, 15, 17, 19, 20, 21, 22, 25
Jogo 196: 1, 2, 4, 8, 10, 12, 13, 14, 15, 19, 20, 21, 22, 23, 25
Jogo 197: 1, 2, 3, 7, 8, 10, 11, 12, 14, 17, 19, 20, 21, 22, 25
Jogo 198: 2, 3, 4, 6, 7, 8, 11, 12, 13, 14, 15, 20, 22, 23, 25
Jogo 199: 1, 3, 6, 7, 8, 10, 11, 12, 15, 17, 19, 20, 22, 23, 25
Jogo 200: 1, 3, 4, 6, 7, 10, 11, 12, 13, 14, 17, 19, 21, 23, 25
Jogo 201: 2, 3, 4, 6, 8, 10, 11, 12, 13, 14, 15, 19, 20, 21, 23
Jogo 202: 1, 2, 3, 4, 6, 7, 10, 12, 13, 17, 19, 20, 22, 23, 25
Jogo 203: 1, 2, 3, 4, 6, 7, 10, 11, 12, 14, 15, 19, 20, 22, 23
Jogo 204: 2, 3, 6, 7, 8, 10, 13, 14, 15, 17, 19, 20, 22, 23, 25
Jogo 205: 1, 2, 4, 7, 10, 11, 12, 13, 14, 15, 17, 19, 20, 21, 25
Jogo 206: 1, 2, 4, 7, 8, 10, 11, 12, 14, 15, 17, 20, 21, 22, 23
Jogo 207: 1, 2, 3, 4, 6, 7, 10, 13, 14, 15, 17, 20, 21, 23, 25
Jogo 208: 1, 2, 3, 4, 6, 7, 8, 11, 14, 17, 19, 21, 22, 23, 25
Jogo 209: 3, 6, 7, 8, 11, 12, 13, 14, 15, 17, 19, 20, 21, 22, 25
Jogo 210: 2, 3, 4, 7, 10, 11, 12, 13, 14, 15, 19, 21, 22, 23, 25
Jogo 211: 2, 3, 4, 7, 8, 11, 12, 13, 15, 17, 19, 20, 21, 23, 25
Jogo 212: 2, 3, 4, 6, 7, 8, 10, 11, 12, 14, 15, 17, 21, 23, 25
Jogo 213: 1, 3, 4, 6, 8, 10, 11, 12, 13, 14, 19, 20, 21, 22, 25
Jogo 214: 1, 3, 4, 7, 10, 11, 12, 13, 14, 15, 17, 20, 22, 23, 25
Jogo 215: 1, 3, 4, 7, 8, 10, 13, 15, 17, 19, 20, 21, 22, 23, 25
Jogo 216: 1, 2, 3, 8, 10, 11, 12, 13, 15, 17, 20, 21, 22, 23, 25
Jogo 217: 1, 2, 3, 6, 7, 10, 11, 12, 13, 14, 17, 19, 21, 22, 23
Jogo 218: 1, 2, 3, 4, 6, 8, 11, 12, 14, 15, 17, 19, 20, 21, 23
Jogo 219: 4, 6, 7, 8, 10, 12, 13, 14, 15, 17, 19, 20, 21, 23, 25
Jogo 220: 1, 4, 6, 10, 11, 12, 13, 15, 17, 19, 20, 21, 22, 23, 25
Jogo 221: 1, 3, 6, 7, 10, 11, 12, 14, 15, 19, 20, 21, 22, 23, 25
Jogo 222: 1, 2, 4, 6, 7, 8, 10, 11, 13, 14, 15, 20, 22, 23, 25
Jogo 223: 1, 2, 3, 6, 8, 10, 11, 12, 13, 14, 15, 17, 20, 22, 25
Jogo 224: 1, 2, 3, 6, 7, 8, 11, 12, 13, 14, 17, 19, 22, 23, 25
Jogo 225: 2, 3, 4, 6, 7, 8, 10, 11, 13, 14, 19, 20, 21, 22, 23
Jogo 226: 1, 3, 6, 7, 8, 10, 12, 13, 15, 17, 19, 20, 21, 22, 23
Jogo 227: 1, 2, 4, 6, 8, 10, 12, 13, 14, 15, 17, 19, 21, 22, 23
Jogo 228: 1, 2, 4, 6, 7, 8, 10, 12, 14, 19, 20, 21, 22, 23, 25
Jogo 229: 1, 2, 3, 4, 7, 8, 12, 13, 14, 15, 19, 20, 22, 23, 25
Jogo 230: 2, 3, 4, 6, 7, 10, 11, 12, 13, 14, 15, 17, 19, 20, 23
Jogo 231: 1, 3, 4, 6, 7, 8, 10, 11, 13, 15, 17, 21, 22, 23, 25
Jogo 232: 1, 2, 4, 6, 7, 10, 11, 12, 15, 17, 19, 20, 21, 23, 25
Jogo 233: 3, 4, 6, 7, 8, 10, 11, 12, 14, 17, 20, 21, 22, 23, 25
Jogo 234: 2, 4, 6, 7, 8, 11, 12, 13, 17, 19, 20, 21, 22, 23, 25
Jogo 235: 2, 3, 4, 7, 10, 11, 14, 15, 17, 19, 20, 21, 22, 23, 25
Jogo 236: 2, 3, 4, 6, 10, 12, 13, 14, 15, 17, 20, 21, 22, 23, 25
Jogo 237: 1, 2, 3, 6, 7, 8, 10, 11, 17, 19, 20, 21, 22, 23, 25
Jogo 238: 1, 2, 3, 4, 6, 7, 13, 14, 15, 17, 19, 21, 22, 23, 25
Jogo 239: 1, 2, 3, 4, 6, 7, 8, 11, 13, 15, 17, 19, 20, 23, 25
Jogo 240: 3, 4, 6, 8, 10, 11, 12, 13, 14, 15, 17, 19, 21, 22, 23
Jogo 241: 1, 2, 6, 7, 8, 10, 12, 13, 14, 15, 17, 21, 22, 23, 25
Jogo 242: 1, 2, 3, 4, 8, 10, 11, 12, 13, 14, 17, 19, 21, 23, 25
Jogo 243: 1, 2, 3, 4, 7, 8, 10, 14, 15, 17, 20, 21, 22, 23, 25
Jogo 244: 1, 2, 3, 4, 6, 7, 8, 10, 11, 12, 13, 15, 20, 22, 25
Jogo 245: 3, 4, 6, 7, 8, 10, 13, 14, 15, 19, 20, 21, 22, 23, 25
Jogo 246: 1, 3, 4, 8, 10, 11, 12, 14, 15, 17, 19, 20, 21, 22, 25
Jogo 247: 1, 3, 4, 6, 7, 10, 11, 12, 13, 15, 19, 20, 21, 23, 25
Jogo 248: 1, 2, 3, 4, 7, 8, 12, 13, 14, 15, 17, 19, 20, 21, 25
Jogo 249: 1, 2, 3, 4, 6, 7, 8, 11, 12, 13, 15, 17, 21, 23, 25
Jogo 250: 2, 3, 7, 8, 10, 11, 12, 13, 15, 19, 20, 21, 22, 23, 25
Jogo 251: 1, 6, 7, 11, 12, 13, 14, 15, 17, 19, 20, 21, 22, 23, 25
Jogo 252: 1, 2, 6, 8, 10, 11, 13, 14, 15, 17, 19, 20, 22, 23, 25
Jogo 253: 1, 2, 4, 6, 7, 8, 11, 13, 14, 15, 17, 20, 21, 22, 23
Jogo 254: 1, 2, 4, 6, 7, 8, 10, 11, 12, 14, 15, 17, 22, 23, 25
Jogo 255: 1, 2, 3, 7, 8, 10, 11, 12, 13, 14, 15, 17, 19, 20, 23
Jogo 256: 1, 2, 3, 6, 8, 13, 14, 15, 17, 19, 20, 21, 22, 23, 25
Jogo 257: 1, 2, 3, 4, 8, 11, 12, 13, 14, 15, 20, 21, 22, 23, 25
Jogo 258: 1, 2, 3, 4, 7, 10, 11, 13, 14, 19, 20, 21, 22, 23, 25
Jogo 259: 1, 2, 3, 4, 6, 8, 10, 11, 12, 13, 17, 21, 22, 23, 25
Jogo 260: 2, 6, 7, 8, 10, 11, 12, 14, 15, 17, 19, 20, 21, 23, 25
Jogo 261: 2, 4, 7, 8, 10, 11, 12, 13, 14, 15, 17, 19, 21, 22, 25
Jogo 262: 1, 3, 4, 6, 7, 8, 11, 12, 14, 15, 19, 21, 22, 23, 25
Jogo 263: 1, 2, 4, 6, 7, 8, 10, 11, 12, 13, 14, 15, 19, 21, 23
Jogo 264: 1, 2, 3, 4, 6, 11, 12, 13, 14, 15, 17, 19, 20, 21, 25
Jogo 265: 1, 2, 3, 4, 6, 10, 11, 12, 13, 14, 15, 17, 20, 21, 22
Jogo 266: 1, 2, 3, 4, 6, 7, 8, 10, 11, 13, 14, 17, 20, 23, 25
Jogo 267: 1, 4, 7, 8, 10, 12, 13, 14, 17, 19, 20, 21, 22, 23, 25
Jogo 268: 1, 3, 4, 6, 8, 10, 11, 13, 14, 15, 17, 19, 22, 23, 25
Jogo 269: 1, 2, 4, 6, 7, 8, 10, 12, 13, 15, 17, 19, 20, 22, 23
Jogo 270: 1, 2, 3, 6, 8, 10, 12, 13, 14, 19, 20, 21, 22, 23, 25
Jogo 271: 1, 2, 3, 4, 6, 8, 10, 11, 14, 15, 19, 20, 21, 23, 25
Jogo 272: 2, 3, 6, 8, 10, 11, 12, 15, 17, 19, 20, 21, 22, 23, 25
Jogo 273: 2, 3, 6, 7, 8, 11, 13, 14, 15, 19, 20, 21, 22, 23, 25
Jogo 274: 2, 3, 4, 6, 7, 10, 11, 13, 15, 17, 19, 20, 21, 22, 25
Jogo 275: 2, 3, 4, 6, 7, 8, 10, 11, 12, 14, 15, 17, 19, 20, 22
Jogo 276: 1, 3, 4, 6, 7, 8, 10, 12, 13, 14, 17, 19, 21, 22, 25
Jogo 277: 1, 2, 3, 6, 7, 10, 11, 12, 13, 14, 15, 17, 21, 23, 25
Jogo 278: 2, 6, 7, 8, 10, 11, 12, 13, 14, 17, 19, 20, 21, 22, 23
Jogo 279: 2, 4, 6, 10, 11, 12, 13, 14, 15, 17, 19, 21, 22, 23, 25
Jogo 280: 1, 4, 7, 8, 10, 11, 14, 15, 17, 19, 20, 21, 22, 23, 25
Jogo 281: 1, 4, 6, 7, 8, 11, 12, 13, 14, 15, 17, 20, 21, 22, 25
Jogo 282: 1, 3, 4, 6, 8, 11, 12, 13, 14, 17, 19, 20, 21, 22, 23
Jogo 283: 1, 3, 4, 6, 7, 8, 10, 13, 14, 15, 17, 19, 20, 21, 23
Jogo 284: 1, 2, 3, 4, 8, 10, 11, 13, 14, 15, 17, 19, 21, 22, 25
Jogo 285: 1, 2, 3, 4, 7, 10, 11, 12, 15, 17, 19, 20, 21, 22, 23
Jogo 286: 1, 2, 3, 4, 7, 8, 10, 12, 13, 14, 15, 17, 22, 23, 25
Jogo 287: 1, 2, 3, 4, 7, 8, 10, 11, 12, 13, 15, 17, 20, 21, 23
Jogo 288: 3, 4, 7, 8, 10, 11, 12, 13, 14, 15, 17, 19, 20, 23, 25
Jogo 289: 2, 3, 6, 7, 8, 10, 11, 13, 14, 15, 17, 21, 22, 23, 25
Jogo 290: 1, 3, 4, 7, 8, 10, 11, 12, 14, 15, 19, 20, 21, 22, 23
Jogo 291: 1, 3, 4, 6, 7, 8, 10, 11, 12, 17, 19, 20, 21, 23, 25
Jogo 292: 1, 3, 4, 6, 7, 8, 10, 11, 12, 13, 15, 17, 19, 22, 25
Jogo 293: 1, 2, 7, 8, 10, 11, 12, 13, 14, 15, 19, 21, 22, 23, 25
Jogo 294: 1, 2, 3, 4, 6, 7, 11, 12, 13, 15, 17, 19, 20, 22, 23
Jogo 295: 1, 2, 3, 4, 6, 7, 8, 11, 14, 15, 17, 19, 20, 22, 25
Jogo 296: 1, 3, 4, 6, 7, 10, 11, 12, 14, 15, 17, 20, 21, 22, 25
Jogo 297: 1, 2, 4, 8, 10, 11, 12, 13, 15, 17, 19, 20, 22, 23, 25
Jogo 298: 1, 2, 4, 6, 7, 8, 10, 12, 13, 14, 15, 17, 20, 21, 25
Jogo 299: 1, 2, 4, 6, 7, 8, 10, 11, 12, 13, 15, 19, 20, 21, 25
Jogo 300: 1, 2, 3, 7, 8, 11, 13, 14, 15, 17, 19, 20, 21, 22, 23
Jogo 301: 1, 2, 3, 6, 7, 10, 11, 12, 13, 14, 15, 19, 20, 21, 22
Jogo 302: 2, 4, 6, 7, 8, 12, 13, 14, 15, 17, 19, 20, 22, 23, 25
Jogo 303: 2, 3, 4, 6, 8, 10, 11, 12, 13, 14, 17, 19, 22, 23, 25
Jogo 304: 2, 3, 4, 6, 7, 8, 10, 12, 15, 17, 19, 21, 22, 23, 25
Jogo 305: 1, 6, 7, 8, 10, 11, 12, 13, 14, 15, 20, 21, 22, 23, 25
Jogo 306: 1, 3, 4, 7, 8, 11, 12, 13, 14, 17, 20, 21, 22, 23, 25
Jogo 307: 1, 3, 4, 6, 8, 12, 13, 15, 17, 19, 20, 21, 22, 23, 25
Jogo 308: 1, 2, 4, 6, 7, 10, 11, 12, 13, 17, 20, 21, 22, 23, 25
Jogo 309: 1, 2, 3, 6, 10, 11, 13, 14, 17, 19, 20, 21, 22, 23, 25
Jogo 310: 1, 2, 3, 4, 6, 7, 8, 10, 11, 12, 13, 17, 21, 22, 23
Jogo 311: 2, 3, 6, 7, 8, 10, 11, 12, 13, 14, 17, 20, 21, 23, 25
Jogo 312: 2, 3, 4, 6, 8, 10, 13, 14, 15, 17, 19, 20, 21, 22, 25
Jogo 313: 1, 3, 4, 7, 8, 10, 11, 12, 14, 15, 17, 19, 21, 23, 25
Jogo 314: 1, 2, 6, 7, 10, 12, 14, 15, 17, 19, 20, 21, 22, 23, 25
Jogo 315: 1, 2, 4, 6, 7, 10, 11, 13, 14, 15, 17, 19, 21, 22, 25
Jogo 316: 1, 2, 3, 7, 8, 10, 12, 13, 14, 17, 19, 20, 21, 22, 25
Jogo 317: 1, 2, 3, 6, 7, 8, 11, 12, 14, 19, 20, 21, 22, 23, 25
Jogo 318: 1, 2, 3, 4, 7, 10, 11, 12, 14, 17, 19, 20, 22, 23, 25
Jogo 319: 1, 2, 3, 4, 6, 7, 8, 10, 11, 13, 14, 17, 19, 20, 22
Jogo 320: 1, 2, 3, 4, 6, 7, 8, 10, 11, 12, 13, 19, 21, 23, 25
Jogo 321: 2, 4, 6, 7, 10, 11, 12, 13, 14, 15, 19, 20, 22, 23, 25
Jogo 322: 2, 3, 4, 6, 7, 11, 12, 13, 14, 17, 19, 20, 21, 23, 25
Jogo 323: 1, 3, 4, 6, 7, 8, 10, 13, 14, 17, 19, 20, 22, 23, 25
Jogo 324: 1, 2, 4, 6, 8, 10, 12, 14, 15, 17, 19, 20, 21, 23, 25
Jogo 325: 1, 2, 3, 6, 8, 10, 11, 12, 15, 17, 19, 21, 22, 23, 25
Jogo 326: 1, 2, 3, 6, 7, 10, 12, 13, 14, 15, 19, 21, 22, 23, 25
Jogo 327: 1, 2, 3, 4, 8, 10, 11, 13, 14, 15, 17, 20, 21, 22, 23
Jogo 328: 1, 2, 3, 4, 7, 10, 12, 13, 14, 15, 17, 19, 21, 23, 25
Jogo 329: 1, 2, 3, 4, 7, 8, 11, 12, 13, 14, 15, 17, 19, 21, 22
Jogo 330: 1, 2, 3, 4, 6, 8, 10, 11, 12, 15, 20, 21, 22, 23, 25
Jogo 331: 3, 4, 6, 7, 10, 12, 13, 14, 15, 17, 20, 21, 22, 23, 25
Jogo 332: 1, 3, 6, 7, 8, 10, 12, 13, 14, 15, 17, 19, 20, 21, 25
Jogo 333: 1, 2, 6, 7, 8, 11, 12, 15, 17, 19, 20, 21, 22, 23, 25
Jogo 334: 1, 2, 3, 4, 6, 8, 10, 11, 12, 13, 14, 15, 19, 20, 25
Jogo 335: 1, 2, 3, 4, 6, 7, 11, 12, 14, 15, 20, 21, 22, 23, 25
Jogo 336: 2, 4, 6, 8, 11, 13, 14, 15, 17, 19, 20, 21, 22, 23, 25
Jogo 337: 2, 3, 4, 7, 10, 11, 12, 13, 14, 17, 19, 20, 21, 22, 23
Jogo 338: 1, 4, 6, 8, 10, 11, 13, 14, 17, 19, 20, 21, 22, 23, 25
Jogo 339: 1, 3, 6, 7, 8, 10, 11, 12, 14, 15, 17, 19, 20, 22, 23
Jogo 340: 1, 2, 3, 6, 10, 11, 12, 13, 14, 15, 17, 19, 20, 21, 23
Jogo 341: 1, 2, 3, 6, 7, 8, 10, 11, 12, 13, 15, 20, 22, 23, 25
Jogo 342: 1, 2, 3, 4, 6, 8, 10, 12, 15, 17, 19, 20, 21, 22, 25
Jogo 343: 1, 2, 3, 4, 6, 8, 10, 12, 13, 14, 17, 20, 22, 23, 25
Jogo 344: 1, 2, 3, 4, 6, 7, 10, 11, 14, 15, 19, 20, 21, 22, 23
Jogo 345: 1, 2, 3, 4, 6, 7, 8, 10, 11, 14, 15, 17, 19, 20, 25
Jogo 346: 4, 6, 7, 8, 10, 11, 12, 13, 14, 15, 19, 20, 21, 22, 25
Jogo 347: 3, 4, 6, 7, 10, 11, 12, 13, 14, 15, 17, 19, 22, 23, 25
Jogo 348: 2, 3, 8, 10, 11, 12, 13, 14, 15, 17, 19, 20, 21, 22, 25
Jogo 349: 2, 3, 4, 6, 7, 8, 10, 11, 12, 14, 15, 21, 22, 23, 25
Jogo 350: 1, 3, 4, 6, 7, 8, 11, 13, 15, 17, 19, 20, 21, 22, 25
Jogo 351: 1, 2, 3, 6, 7, 8, 10, 11, 12, 13, 19, 20, 21, 22, 25
Jogo 352: 1, 2, 3, 4, 6, 8, 11, 12, 14, 15, 17, 19, 22, 23, 25
Jogo 353: 1, 2, 3, 4, 6, 7, 12, 13, 14, 15, 19, 20, 21, 22, 25
Jogo 354: 1, 2, 3, 4, 6, 7, 8, 11, 12, 13, 17, 19, 20, 22, 25
Jogo 355: 1, 2, 3, 4, 6, 7, 8, 10, 11, 13, 15, 19, 20, 21, 23
Jogo 356: 2, 4, 6, 7, 8, 12, 13, 14, 15, 17, 19, 20, 21, 22, 23
Jogo 357: 2, 4, 6, 7, 8, 10, 11, 13, 15, 17, 19, 20, 22, 23, 25
Jogo 358: 2, 3, 6, 8, 10, 11, 12, 13, 14, 15, 17, 19, 20, 23, 25
Jogo 359: 1, 4, 6, 7, 8, 10, 11, 12, 13, 14, 15, 17, 19, 20, 23
Jogo 360: 1, 3, 4, 8, 10, 11, 12, 13, 14, 15, 19, 20, 21, 22, 23
Jogo 361: 1, 3, 4, 6, 7, 8, 10, 12, 13, 15, 17, 20, 22, 23, 25
Jogo 362: 1, 2, 4, 7, 10, 11, 13, 14, 15, 17, 19, 20, 21, 23, 25
Jogo 363: 1, 2, 4, 6, 7, 8, 10, 11, 12, 13, 14, 15, 17, 20, 21
Jogo 364: 1, 2, 3, 7, 8, 10, 11, 12, 14, 15, 19, 20, 21, 23, 25
Jogo 365: 1, 2, 3, 4, 7, 8, 10, 13, 14, 15, 20, 21, 22, 23, 25
Jogo 366: 1, 2, 3, 4, 7, 8, 10, 11, 13, 17, 19, 21, 22, 23, 25
Jogo 367: 1, 2, 3, 4, 7, 8, 10, 11, 12, 13, 15, 17, 19, 21, 25
Jogo 368: 1, 2, 3, 4, 6, 7, 8, 12, 14, 17, 20, 21, 22, 23, 25
Jogo 369: 1, 2, 3, 4, 6, 7, 8, 11, 12, 13, 19, 21, 22, 23, 25
Jogo 370: 1, 2, 3, 4, 6, 7, 8, 10, 12, 13, 14, 19, 20, 22, 23
Jogo 371: 2, 3, 4, 6, 7, 8, 10, 11, 13, 14, 15, 17, 19, 21, 23
Jogo 372: 1, 3, 6, 7, 8, 11, 12, 13, 14, 15, 17, 19, 21, 23, 25
Jogo 373: 1, 3, 4, 6, 7, 8, 10, 11, 12, 13, 15, 17, 20, 21, 22
Jogo 374: 1, 2, 3, 6, 7, 10, 11, 12, 14, 17, 20, 21, 22, 23, 25
Jogo 375: 1, 2, 3, 4, 6, 12, 13, 14, 15, 17, 19, 21, 22, 23, 25
Jogo 376: 1, 2, 3, 4, 6, 7, 10, 12, 14, 15, 17, 20, 21, 22, 23
Jogo 377: 3, 4, 6, 7, 10, 11, 12, 14, 17, 19, 20, 21, 22, 23, 25
Jogo 378: 2, 3, 4, 8, 10, 11, 12, 13, 14, 15, 17, 20, 21, 23, 25
Jogo 379: 2, 3, 4, 6, 8, 11, 12, 13, 15, 19, 20, 21, 22, 23, 25
Jogo 380: 2, 3, 4, 6, 7, 11, 12, 13, 14, 15, 17, 20, 21, 22, 25
Jogo 381: 1, 4, 7, 8, 11, 12, 14, 15, 17, 19, 20, 21, 22, 23, 25
Jogo 382: 1, 3, 7, 8, 10, 11, 12, 13, 17, 19, 20, 21, 22, 23, 25
Jogo 383: 1, 3, 6, 7, 8, 11, 12, 13, 14, 15, 17, 19, 20, 22, 25
Jogo 384: 1, 3, 4, 6, 8, 10, 11, 12, 13, 14, 15, 21, 22, 23, 25
Jogo 385: 1, 2, 3, 6, 10, 12, 13, 14, 15, 17, 19, 20, 21, 22, 25
Jogo 386: 1, 2, 3, 6, 8, 10, 11, 12, 14, 17, 19, 20, 21, 22, 25
Jogo 387: 1, 2, 3, 4, 7, 8, 10, 12, 14, 15, 17, 19, 20, 22, 25
Jogo 388: 1, 2, 3, 4, 7, 8, 10, 12, 13, 17, 20, 21, 22, 23, 25
Jogo 389: 1, 2, 3, 4, 6, 10, 11, 13, 15, 19, 20, 21, 22, 23, 25
Jogo 390: 1, 2, 3, 4, 6, 7, 8, 12, 14, 15, 17, 19, 20, 23, 25
Jogo 391: 1, 2, 3, 4, 6, 7, 8, 10, 15, 17, 19, 20, 21, 22, 23
Jogo 392: 1, 2, 3, 4, 6, 7, 8, 10, 11, 13, 14, 15, 17, 23, 25
Jogo 393: 1, 2, 3, 4, 6, 7, 8, 10, 11, 12, 17, 19, 21, 22, 23
Jogo 394: 3, 4, 7, 8, 11, 12, 13, 14, 15, 17, 19, 20, 21, 22, 23
Jogo 395: 3, 4, 6, 7, 8, 10, 11, 13, 15, 17, 19, 20, 21, 23, 25
Jogo 396: 2, 6, 7, 8, 10, 12, 13, 14, 15, 17, 19, 20, 22, 23, 25
Jogo 397: 2, 4, 6, 7, 8, 11, 12, 14, 17, 19, 20, 21, 22, 23, 25
Jogo 398: 2, 3, 6, 7, 8, 10, 11, 13, 14, 15, 17, 19, 20, 22, 25
Jogo 399: 1, 6, 7, 8, 10, 11, 12, 13, 14, 15, 17, 19, 21, 22, 23
Jogo 400: 1, 4, 7, 8, 10, 11, 12, 13, 14, 15, 17, 20, 22, 23, 25
Jogo 401: 1, 2, 6, 7, 8, 10, 11, 12, 13, 14, 17, 19, 21, 23, 25
Jogo 402: 1, 2, 4, 6, 8, 11, 12, 13, 14, 15, 19, 20, 21, 22, 23
Jogo 403: 1, 2, 3, 4, 10, 11, 12, 14, 15, 17, 19, 20, 22, 23, 25
Jogo 404: 1, 2, 3, 4, 6, 7, 10, 11, 12, 13, 14, 17, 19, 20, 21
Jogo 405: 3, 4, 6, 7, 8, 10, 11, 14, 15, 17, 19, 21, 22, 23, 25
Jogo 406: 3, 4, 6, 7, 8, 10, 11, 13, 14, 15, 17, 19, 20, 22, 23
Jogo 407: 2, 6, 7, 8, 10, 11, 12, 14, 15, 17, 20, 21, 22, 23, 25
Jogo 408: 2, 3, 4, 7, 8, 11, 12, 13, 14, 17, 19, 21, 22, 23, 25
Jogo 409: 2, 3, 4, 6, 7, 8, 10, 11, 12, 15, 17, 20, 22, 23, 25
Jogo 410: 1, 4, 6, 7, 8, 10, 13, 15, 17, 19, 20, 21, 22, 23, 25
Jogo 411: 1, 3, 6, 7, 8, 10, 11, 12, 13, 14, 15, 19, 22, 23, 25
Jogo 412: 1, 3, 4, 6, 7, 10, 12, 13, 15, 17, 19, 21, 22, 23, 25
Jogo 413: 1, 2, 4, 8, 10, 11, 12, 13, 14, 17, 19, 20, 21, 22, 25
Jogo 414: 1, 2, 4, 6, 8, 10, 11, 12, 14, 15, 17, 19, 21, 22, 23
Jogo 415: 1, 2, 4, 6, 7, 8, 12, 13, 14, 15, 17, 21, 22, 23, 25
Jogo 416: 1, 2, 3, 7, 10, 11, 12, 13, 14, 15, 17, 19, 22, 23, 25
Jogo 417: 1, 2, 3, 7, 8, 11, 12, 13, 14, 15, 17, 20, 21, 22, 23
Jogo 418: 1, 2, 3, 6, 7, 12, 14, 15, 17, 19, 20, 21, 22, 23, 25
Jogo 419: 1, 2, 3, 6, 7, 11, 13, 14, 17, 19, 20, 21, 22, 23, 25
Jogo 420: 1, 2, 3, 6, 7, 8, 10, 11, 13, 15, 17, 20, 21, 23, 25
Jogo 421: 1, 2, 3, 4, 6, 7, 10, 11, 12, 13, 15, 17, 22, 23, 25
Jogo 422: 1, 2, 3, 4, 6, 7, 8, 11, 12, 13, 15, 17, 19, 20, 25
Jogo 423: 1, 2, 3, 4, 6, 7, 8, 10, 12, 13, 15, 17, 19, 21, 22
Jogo 424: 3, 4, 7, 8, 10, 11, 12, 14, 15, 17, 19, 20, 21, 23, 25
Jogo 425: 2, 3, 4, 7, 8, 10, 11, 12, 13, 14, 19, 20, 22, 23, 25
Jogo 426: 2, 3, 4, 6, 7, 8, 10, 11, 14, 17, 19, 20, 21, 23, 25
Jogo 427: 2, 3, 4, 6, 7, 8, 10, 11, 13, 14, 15, 20, 21, 22, 25
Jogo 428: 1, 4, 6, 7, 8, 10, 11, 13, 14, 17, 19, 21, 22, 23, 25
Jogo 429: 1, 4, 6, 7, 8, 10, 11, 12, 14, 15, 19, 20, 21, 22, 25
Jogo 430: 1, 3, 6, 7, 8, 10, 12, 13, 14, 17, 20, 21, 22, 23, 25
Jogo 431: 1, 3, 4, 8, 11, 13, 14, 15, 17, 19, 20, 21, 22, 23, 25
Jogo 432: 1, 3, 4, 6, 8, 10, 12, 13, 14, 17, 19, 20, 21, 22, 23
Jogo 433: 1, 3, 4, 6, 8, 10, 11, 12, 13, 15, 17, 19, 20, 22, 25
Jogo 434: 1, 2, 6, 7, 8, 10, 11, 13, 15, 17, 19, 20, 21, 22, 23
Jogo 435: 1, 2, 4, 6, 10, 11, 12, 13, 14, 19, 20, 21, 22, 23, 25
Jogo 436: 1, 2, 4, 6, 8, 10, 11, 12, 14, 15, 17, 20, 21, 23, 25
Jogo 437: 1, 2, 3, 6, 7, 8, 11, 12, 13, 14, 15, 17, 19, 21, 22
Jogo 438: 1, 2, 3, 4, 7, 10, 11, 13, 14, 15, 17, 19, 20, 22, 25
Jogo 439: 1, 2, 3, 4, 6, 8, 10, 11, 13, 14, 20, 21, 22, 23, 25
Jogo 440: 1, 2, 3, 4, 6, 7, 8, 11, 12, 14, 15, 19, 20, 23, 25
Jogo 441: 3, 7, 10, 11, 12, 13, 14, 15, 17, 19, 20, 21, 22, 23, 25
Jogo 442: 3, 4, 6, 8, 10, 12, 14, 15, 17, 19, 20, 21, 22, 23, 25
Jogo 443: 2, 4, 7, 8, 11, 12, 13, 14, 15, 17, 19, 20, 21, 22, 23
Jogo 444: 2, 4, 6, 7, 10, 11, 12, 13, 14, 17, 19, 21, 22, 23, 25
Jogo 445: 2, 3, 6, 7, 8, 11, 12, 13, 17, 19, 20, 21, 22, 23, 25
Jogo 446: 2, 3, 4, 7, 8, 10, 13, 15, 17, 19, 20, 21, 22, 23, 25
Jogo 447: 2, 3, 4, 6, 7, 8, 10, 13, 14, 15, 17, 20, 21, 22, 23
Jogo 448: 1, 3, 6, 7, 8, 10, 12, 13, 14, 15, 19, 20, 21, 23, 25
Jogo 449: 1, 3, 4, 6, 11, 12, 13, 14, 15, 17, 20, 21, 22, 23, 25
Jogo 450: 1, 2, 4, 7, 10, 11, 12, 14, 15, 17, 19, 21, 22, 23, 25
Jogo 451: 1, 2, 3, 7, 8, 10, 11, 13, 14, 19, 20, 21, 22, 23, 25
Jogo 452: 1, 2, 3, 6, 8, 10, 14, 15, 17, 19, 20, 21, 22, 23, 25
Jogo 453: 1, 2, 3, 4, 7, 8, 12, 13, 14, 17, 19, 20, 21, 23, 25
Jogo 454: 1, 2, 3, 4, 7, 8, 10, 11, 12, 14, 15, 20, 21, 22, 25
Jogo 455: 1, 2, 3, 4, 6, 8, 10, 11, 12, 14, 15, 19, 21, 22, 25
Jogo 456: 1, 2, 3, 4, 6, 7, 10, 11, 14, 15, 17, 19, 22, 23, 25
Jogo 457: 1, 2, 3, 4, 6, 7, 10, 11, 12, 13, 14, 15, 17, 21, 25
Jogo 458: 2, 4, 6, 7, 8, 10, 11, 13, 15, 17, 19, 20, 21, 23, 25
Jogo 459: 2, 3, 6, 7, 8, 10, 11, 12, 14, 15, 17, 19, 21, 22, 23
Jogo 460: 2, 3, 4, 7, 8, 10, 11, 12, 14, 15, 17, 19, 20, 21, 22
Jogo 461: 2, 3, 4, 6, 8, 10, 12, 13, 15, 17, 19, 20, 21, 23, 25
Jogo 462: 2, 3, 4, 6, 7, 8, 13, 14, 15, 19, 20, 21, 22, 23, 25
Jogo 463: 1, 4, 6, 7, 10, 11, 13, 14, 15, 17, 19, 20, 22, 23, 25
Jogo 464: 1, 4, 6, 7, 10, 11, 12, 13, 14, 15, 20, 21, 22, 23, 25
Jogo 465: 1, 3, 4, 7, 8, 11, 12, 13, 14, 15, 19, 21, 22, 23, 25
Jogo 466: 1, 3, 4, 6, 7, 10, 11, 12, 13, 14, 15, 17, 20, 21, 23
Jogo 467: 1, 2, 6, 7, 8, 11, 12, 13, 14, 15, 17, 20, 21, 23, 25
Jogo 468: 1, 2, 4, 7, 8, 10, 12, 13, 15, 19, 20, 21, 22, 23, 25
Jogo 469: 1, 2, 4, 6, 8, 10, 11, 13, 14, 15, 19, 20, 22, 23, 25
Jogo 470: 1, 2, 3, 7, 8, 10, 12, 13, 14, 15, 17, 19, 20, 23, 25
Jogo 471: 1, 2, 3, 4, 10, 11, 12, 14, 15, 17, 19, 20, 21, 22, 23
Jogo 472: 3, 7, 8, 10, 12, 13, 14, 15, 17, 19, 20, 21, 22, 23, 25
Jogo 473: 3, 4, 6, 7, 8, 11, 12, 15, 17, 19, 20, 21, 22, 23, 25
Jogo 474: 3, 4, 6, 7, 8, 11, 12, 13, 15, 19, 20, 21, 22, 23, 25
Jogo 475: 2, 4, 7, 8, 11, 12, 13, 14, 15, 19, 20, 21, 22, 23, 25
Jogo 476: 2, 4, 6, 7, 8, 11, 12, 13, 14, 17, 19, 21, 22, 23, 25
Jogo 477: 2, 4, 6, 7, 8, 10, 12, 14, 15, 17, 19, 21, 22, 23, 25
Jogo 478: 2, 3, 6, 7, 10, 12, 13, 14, 17, 19, 20, 21, 22, 23, 25
Jogo 479: 2, 3, 4, 6, 8, 10, 12, 13, 14, 15, 20, 21, 22, 23, 25
Jogo 480: 2, 3, 4, 6, 8, 10, 11, 12, 13, 14, 17, 19, 20, 23, 25
Jogo 481: 2, 3, 4, 6, 7, 8, 11, 13, 17, 19, 20, 21, 22, 23, 25
